90
70

34
49
57
59
69
70
78
80
82
84
91
98
102
103
108
115
121
124
135
142
144
145
147
148
149
151
154
158
160
165
168
170
171
176
185
191
194
200
205
206
209
214
215
216
224
228
229
236
237
239
245
247
249
253
256
257
260
262
264
268
272
278
285
287
290
298
304
307
308
310
314
318
319
322
324
330
332
338
342
349
350
352
354
362
370
371
372
373
374
376
377
380
382
387
388
390
391
396
403
409

421
424
429
434
438
442
444
447
454
456
460
463
464
466
471
475
478
481
484
489
491
492
496
498
504
510
515
517
520
525
526
527
530
531
533
538
539
542
547
551
552
555
559
561
565
568
572
574
579
580
583
584
585
587
590
592
594
598
603
604
606
608
610
613
617
620
625
627
628
